4.3 1.3 0 0 0 0
4.38939 1.30157 0.0421211 0.0499162 0.0235142 1.7913
4.46479 1.30826 0.148239 0.0317078 0.0444302 2.38841
4.54852 1.32299 0.21026 0.0474645 0.0346237 1.7913
4.46595 1.30033 0.3398 -0.0318872 0.0482108 2.68696
4.59991 1.34991 0.372416 0.047846 0.0109247 2.98551
4.65996 1.37625 0.463571 0.0219722 0.0305324 2.98551
4.54674 1.31027 0.606031 -0.0439318 0.0477171 2.98551
4.488 1.26423 0.738032 -0.0277944 0.0491266 2.68696
4.43302 1.21078 0.815771 -0.0366996 0.0371983 2.08985
4.36646 1.1397 0.821544 -0.0465982 0.00276259 2.08985
4.33599 1.10523 0.878511 -0.0171222 0.0212014 2.68696
4.28649 1.0421 0.942281 -0.0383929 0.030514 2.08985
4.22438 0.954812 0.965255 -0.0448573 0.00961899 2.38841
4.18816 0.898831 1.0405 -0.037229 0.0420056 1.7913
4.14287 0.825763 0.981504 -0.0479973 -0.0329349 1.7913
4.09366 0.757741 0.892539 -0.046886 -0.0496646 1.7913
4.03855 0.694604 0.802777 -0.0350977 -0.0375824 2.38841
3.95876 0.615448 0.754653 -0.0418337 -0.0179101 2.68696
3.86108 0.534941 0.609482 -0.0424351 -0.0486253 2.98551
3.78097 0.474857 0.687196 -0.0419391 0.0325379 2.38841
3.70764 0.409499 0.780369 -0.0411425 0.0390106 2.38841
3.62158 0.322817 0.799824 -0.0454595 0.00724045 2.68696
3.5771 0.273847 0.876549 -0.0277059 0.0321239 2.38841
3.54424 0.229624 1.00077 -0.0205178 0.0462297 2.68696
3.48488 0.144257 0.914893 -0.0435467 -0.0359541 2.38841
3.42284 0.0685885 0.84448 -0.040976 -0.0294809 2.38841
3.37311 0.0154084 0.784816 -0.0348445 -0.0285494 2.08985
3.299 -0.0677783 0.914198 -0.037343 0.0433366 2.98551
3.22468 -0.162108 0.890332 -0.0402263 -0.00799384 2.98551
3.17372 -0.229741 0.967543 -0.0283715 0.0258618 2.98551
3.11507 -0.326012 1.09224 -0.0377824 0.0417676 2.98551
3.06519 -0.417328 1.04235 -0.0497932 -0.023874 2.08985
3.00917 -0.51549 1.06456 -0.0420643 0.00826523 2.68696
2.98117 -0.570673 1.14614 -0.020732 0.0273263 2.98551
2.9534 -0.637052 1.21693 -0.0482144 0.0474217 1.49275
2.93023 -0.706319 1.2894 -0.034957 0.0346808 2.08985
2.91729 -0.760414 1.39306 -0.0186385 0.0347186 2.98551
2.91034 -0.813165 1.49825 -0.0198107 0.0391504 2.68696
2.9078 -0.879613 1.57685 -0.0278485 0.0329082 2.38841
2.91087 -0.944757 1.66785 -0.0218517 0.030479 2.98551
2.92032 -1.072 1.6163 -0.0474926 -0.0191847 2.68696
2.92219 -1.15631 1.56376 -0.0313894 -0.0195522 2.68696
2.92159 -1.24877 1.56505 -0.0442413 0.000617339 2.08985
2.92039 -1.31469 1.53706 -0.0245374 -0.0104192 2.68696
2.92158 -1.45414 1.63105 -0.0467293 0.0314833 2.98551
2.92555 -1.56268 1.57697 -0.0454782 -0.0226432 2.38841
2.92751 -1.51016 1.4807 0.0176109 -0.0322448 2.98551
2.91497 -1.63085 1.45084 -0.0406448 -0.0100024 2.98551
2.90672 -1.71355 1.49722 -0.0309348 0.0172602 2.68696
2.90221 -1.78574 1.52244 -0.0269186 0.00938574 2.68696
2.89692 -1.91165 1.53654 -0.0422132 0.00472427 2.98551
2.89822 -2.0451 1.63424 -0.0447171 0.0327256 2.98551
2.89959 -2.10714 1.53771 -0.0297045 -0.0461891 2.08985
2.89095 -2.22026 1.4407 -0.0422404 -0.0361041 2.68696
2.87889 -2.29462 1.3691 -0.0360528 -0.0342602 2.08985
2.85945 -2.37775 1.30605 -0.0317766 -0.0234679 2.68696
2.82834 -2.47066 1.17631 -0.0328424 -0.0434545 2.98551
2.77968 -2.59046 1.19583 -0.0481263 0.00726286 2.68696
2.74903 -2.66089 1.11457 -0.0321656 -0.0340224 2.38841
2.76261 -2.63504 1.0483 0.0163057 -0.0369975 1.7913
2.72201 -2.70229 1.00026 -0.0375955 -0.0229875 2.08985
2.67296 -2.77232 0.907587 -0.0358108 -0.0387992 2.38841
2.61733 -2.83837 0.819318 -0.0482217 -0.0492765 1.7913
2.53774 -2.92728 0.868204 -0.0499649 0.0204683 2.38841
2.48806 -2.98989 0.940984 -0.0334731 0.0304721 2.38841
2.43999 -3.05029 0.841853 -0.0369537 -0.0474344 2.08985
2.36489 -3.14204 0.940225 -0.0496606 0.041187 2.38841
2.30565 -3.21655 0.844239 -0.0455648 -0.0459291 2.08985
2.22279 -3.30135 0.737865 -0.0441469 -0.0395893 2.68696
2.16876 -3.34665 0.644141 -0.0337507 -0.0448469 2.08985
2.09823 -3.39535 0.551296 -0.0410265 -0.0444266 2.08985
2.00437 -3.45498 0.584376 -0.0413865 0.0123113 2.68696
1.94736 -3.49548 0.660548 -0.029287 0.0318924 2.38841
1.83809 -3.59093 0.788141 -0.0486282 0.0427376 2.98551
1.75729 -3.66809 0.73006 -0.0415861 -0.0216159 2.68696
1.70116 -3.71608 0.675531 -0.0412335 -0.0304413 1.7913
1.61322 -3.78822 0.701909 -0.0476257 0.0110444 2.38841
1.55077 -3.84412 0.764536 -0.0280758 0.020977 2.98551
1.48634 -3.90958 0.831766 -0.0439599 0.0321695 2.08985
1.44079 -3.96238 0.899681 -0.0467217 0.0454968 1.49275
1.35681 -4.06305 0.845406 -0.0487973 -0.0201996 2.68696
1.30048 -4.11901 0.704886 -0.0266176 -0.0470674 2.98551
1.22969 -4.17531 0.629273 -0.0378793 -0.0316582 2.38841
1.14521 -4.243 0.732048 -0.0362767 0.0344247 2.98551
1.09691 -4.28997 0.822108 -0.028217 0.0377072 2.38841
1.01078 -4.39174 0.925069 -0.0446754 0.0344868 2.98551
0.927114 -4.50975 0.989466 -0.0484614 0.0215701 2.98551
0.87806 -4.57834 0.897429 -0.0403679 -0.04404 2.08985
0.828282 -4.64347 0.944176 -0.0305104 0.0173978 2.68696
0.751442 -4.75158 0.963728 -0.0493621 0.00727662 2.68696
0.708273 -4.81703 1.0186 -0.0328313 0.0229752 2.38841
0.654935 -4.90182 0.996878 -0.0479344 -0.010395 2.08985
0.609073 -4.96835 0.925681 -0.0451162 -0.0397462 1.7913
0.536908 -5.06585 0.943387 -0.0406318 0.00593076 2.98551
0.494304 -5.12991 1.03448 -0.0286408 0.0339034 2.68696
0.445705 -5.20621 0.965109 -0.033674 -0.0258191 2.68696
0.388848 -5.28428 0.910908 -0.0404448 -0.0226935 2.38841
0.302963 -5.39959 0.954677 -0.0481621 0.0146606 2.98551
0.238069 -5.49474 0.994758 -0.0482229 0.0167814 2.38841
0.209866 -5.54242 1.09061 -0.0232043 0.0401324 2.38841
0.159869 -5.63382 1.04483 -0.0387773 -0.0170386 2.68696
0.111693 -5.71183 0.983508 -0.0341285 -0.0228214 2.68696
0.0732969 -5.76586 0.912081 -0.0317208 -0.0341782 2.08985
0.0453413 -5.80729 1.05677 -0.0167548 0.0484631 2.98551
-0.0050361 -5.89035 0.986637 -0.036161 -0.0261003 2.68696
-0.0672517 -5.99565 1.10029 -0.0455438 0.0422992 2.68696
-0.034906 -5.92293 1.21578 0.0266723 0.0386826 2.98551
-0.00343995 -5.82684 1.30579 0.0484009 0.0430719 2.08985
-0.0174732 -5.88713 1.38652 -0.0207409 0.027038 2.98551
-0.00739 -5.809 1.51236 0.0293376 0.0468359 2.68696
-0.00384122 -5.70873 1.56506 0.042012 0.0220643 2.38841
-0.00556769 -5.64271 1.64157 0.0368803 0.0427101 1.7913
-0.0136748 -5.53866 1.65754 0.0436976 0.00668558 2.38841
-0.0202623 -5.49043 1.76781 0.018125 0.0410408 2.68696
-0.0406121 -5.40332 1.84361 0.0428133 0.0362721 2.08985
-0.0755949 -5.29933 1.9599 0.040857 0.0432791 2.68696
-0.12732 -5.18196 2.01766 0.0429674 0.0193466 2.98551
-0.181766 -5.05355 1.91581 0.0467364 -0.0341147 2.98551
-0.204649 -4.99078 1.926 0.0223771 0.00341331 2.98551
-0.229907 -4.9248 1.95085 0.0394449 0.0138722 1.7913
-0.268957 -4.82934 1.97017 0.0493499 0.00924122 2.08985
-0.291169 -4.77117 1.88707 0.0347703 -0.0463887 1.7913
-0.320484 -4.6903 1.95902 0.036024 0.0301261 2.38841
-0.338253 -4.65317 2.0897 0.0153319 0.0486345 2.68696
-0.374577 -4.59381 2.15788 0.0259027 0.0253734 2.68696
-0.413605 -4.53085 2.08538 0.0275763 -0.0269815 2.68696
-0.458222 -4.4603 2.1964 0.0310821 0.0413167 2.68696
-0.510776 -4.38964 2.22824 0.0368698 0.0133344 2.38841
-0.608028 -4.27785 2.35824 0.049666 0.0435415 2.98551
-0.704166 -4.18353 2.37494 0.0451114 0.00559353 2.98551
-0.772061 -4.12089 2.42317 0.0343846 0.0179501 2.68696
-0.831804 -4.06485 2.34157 0.0392049 -0.0390461 2.08985
-0.864546 -4.03441 2.45511 0.0149819 0.0380305 2.98551
-0.942135 -3.97565 2.54136 0.0362327 0.0320999 2.68696
-1.0157 -3.92222 2.47914 0.0304597 -0.020842 2.98551
-1.06184 -3.88362 2.39737 0.0335908 -0.0456468 1.7913
-1.13987 -3.8182 2.50192 0.0379128 0.0389126 2.68696
-1.19759 -3.77304 2.44375 0.0409226 -0.0324743 1.7913
-1.28776 -3.69417 2.39748 0.0401302 -0.0155001 2.98551
-1.35343 -3.63036 2.33693 0.0340791 -0.0225343 2.68696
-1.42909 -3.56044 2.46726 0.0345309 0.0436535 2.98551
-1.49547 -3.51283 2.58306 0.0273773 0.0387888 2.98551
-1.57881 -3.45805 2.52966 0.0477302 -0.0255512 2.08985
-1.53016 -3.49669 2.39808 -0.0208246 -0.0440752 2.98551
-1.62129 -3.40637 2.31494 0.0429879 -0.0278478 2.98551
-1.67359 -3.34728 2.26914 0.0377631 -0.0219135 2.08985
-1.72752 -3.28747 2.35397 0.044969 0.0473572 1.7913
-1.80266 -3.21287 2.36703 0.035466 0.00437441 2.98551
-1.86439 -3.14931 2.30984 0.032981 -0.0212846 2.68696
-1.92224 -3.08314 2.26023 0.0490711 -0.0276967 1.7913
-1.97697 -3.02109 2.33821 0.0395993 0.0373149 2.08985
-2.04238 -2.95796 2.41861 0.0338414 0.0299217 2.68696
-2.10768 -2.9028 2.46887 0.0409073 0.0240497 2.08985
-2.20099 -2.83194 2.52102 0.0436086 0.0194097 2.68696
-2.23904 -2.80805 2.65453 0.0150601 0.0447178 2.98551
-2.317 -2.76908 2.70815 0.0364981 0.0224512 2.38841
-2.35735 -2.753 2.83005 0.0161754 0.0453688 2.68696
-2.47726 -2.71913 2.91164 0.0463844 0.0303638 2.68696
-2.59919 -2.68823 2.87108 0.0421332 -0.0135859 2.98551
-2.72319 -2.64636 2.74863 0.0438649 -0.0410147 2.98551
-2.81745 -2.60919 2.7891 0.0484878 0.0193633 2.08985
-2.88657 -2.57964 2.67454 0.0251924 -0.03837 2.98551
-2.94658 -2.54682 2.59835 0.0286446 -0.0319011 2.38841
-3.01096 -2.51015 2.65648 0.0310281 0.0243402 2.38841
-3.10974 -2.4548 2.59892 0.042145 -0.0214245 2.68696
-3.20569 -2.3956 2.57575 0.0472057 -0.00970045 2.38841
-3.31157 -2.33089 2.61403 0.0415665 0.0128212 2.98551
-3.41464 -2.2763 2.70514 0.0434218 0.0339103 2.68696
-3.49046 -2.23861 2.64549 0.047275 -0.0332983 1.7913
-3.56931 -2.20028 2.74527 0.0367232 0.0417754 2.38841
-3.66536 -2.16696 2.88386 0.0340797 0.04642 2.98551
-3.79271 -2.131 2.84461 0.0492508 -0.0146068 2.68696
-3.84703 -2.11729 2.95823 0.0234689 0.0475726 2.38841
-3.90453 -2.11009 3.09064 0.0215833 0.0492772 2.68696
-3.97221 -2.10386 2.99868 0.0253016 -0.0342236 2.68696
-4.07314 -2.09117 3.03938 0.0425965 0.017041 2.38841
-4.11775 -2.08884 3.15225 0.0166336 0.0420048 2.68696
-4.19747 -2.08813 3.10735 0.0333808 -0.0187975 2.38841
-4.27289 -2.0888 3.20333 0.0252723 0.0321489 2.98551
-4.32117 -2.09466 3.33444 0.0163014 0.0439159 2.98551
-4.43377 -2.1148 3.29821 0.0478978 -0.015169 2.38841
-4.5383 -2.13476 3.37143 0.0445623 0.0306537 2.38841
-4.64463 -2.15963 3.37136 0.0365784 -2.13725e-05 2.98551
-4.72648 -2.17748 3.33506 0.0467696 -0.0202661 1.7913
-4.8221 -2.19341 3.26895 0.0463941 -0.0316322 2.08985
-4.93071 -2.20212 3.16233 0.0405684 -0.0396818 2.68696
-5.04674 -2.2034 3.14055 0.0431876 -0.00810719 2.68696
-5.10653 -2.20086 3.04718 0.0222787 -0.0347474 2.68696
-5.19011 -2.19411 3.07955 0.0401269 0.0154871 2.08985
-5.2942 -2.19227 3.17945 0.0387601 0.0371792 2.68696
-5.38014 -2.19827 3.25369 0.0412303 0.0355276 2.08985
-5.47773 -2.20551 3.16801 0.0364297 -0.0318888 2.68696
-5.57948 -2.20969 3.20053 0.0341126 0.0108937 2.98551
-5.69651 -2.21451 3.15994 0.0490433 -0.016998 2.38841
-5.82835 -2.22205 3.24614 0.0442473 0.0288728 2.98551
-5.93382 -2.22925 3.16427 0.0393543 -0.0304671 2.68696
-5.98212 -2.22752 3.03288 0.0180004 -0.0488981 2.68696
-6.05096 -2.21692 2.93356 0.0259309 -0.0369671 2.68696
-6.13235 -2.19601 2.83236 0.040226 -0.0484233 2.08985
-6.04546 -2.22931 2.70625 -0.0311865 -0.0422415 2.98551
-5.98171 -2.26176 2.62652 -0.0266301 -0.0296724 2.68696
-5.91242 -2.2999 2.65505 -0.0441531 0.0159286 1.7913
-5.82263 -2.3538 2.53331 -0.0389993 -0.0453091 2.68696
-5.71883 -2.42076 2.6129 -0.045987 0.0296213 2.68696
-5.6084 -2.48672 2.59131 -0.0430839 -0.00723061 2.98551
-5.5353 -2.53574 2.49682 -0.0421282 -0.0452155 2.08985
-5.4676 -2.58892 2.44878 -0.0360475 -0.0201107 2.38841
-5.40525 -2.64331 2.39265 -0.0346505 -0.0235021 2.38841
-5.35649 -2.69178 2.31627 -0.0287889 -0.0319821 2.38841
-5.31924 -2.73563 2.22315 -0.0214222 -0.0346559 2.68696
-5.26686 -2.80934 2.14656 -0.0302975 -0.0256522 2.98551
-5.19188 -2.91429 2.24685 -0.0480192 0.0373249 2.68696
-5.10582 -3.02526 2.21042 -0.0470413 -0.0122048 2.98551
-5.0449 -3.10511 2.23867 -0.0480593 0.0135222 2.08985
-4.99908 -3.16923 2.13327 -0.02641 -0.0353047 2.98551
-4.96126 -3.23475 2.04544 -0.0281656 -0.0326867 2.68696
-4.90647 -3.34873 1.9864 -0.0423642 -0.0197777 2.98551
-4.86613 -3.45689 1.85467 -0.0429921 -0.0490265 2.68696
-4.83729 -3.55527 1.85743 -0.0343396 0.000927284 2.98551
-4.80609 -3.66802 1.81928 -0.0489831 -0.0159741 2.38841
-4.77799 -3.75845 1.93663 -0.0317377 0.0393069 2.98551
-4.79847 -3.71238 2.05485 0.0187733 0.0439985 2.68696
-4.73453 -3.84232 1.99552 -0.0485133 -0.0198757 2.98551
-4.69985 -3.92987 1.88972 -0.0315574 -0.0354361 2.98551
-4.67244 -4.0045 1.96678 -0.0380504 0.0368738 2.08985
-4.63349 -4.09094 2.02837 -0.0352915 0.0229214 2.68696
-4.59508 -4.17641 1.94614 -0.0448499 -0.0393496 2.08985
-4.55409 -4.26957 2.03443 -0.0378918 0.0328622 2.68696
-4.5039 -4.37707 1.97307 -0.0496799 -0.0256906 2.38841
-4.45084 -4.4886 2.0658 -0.0413842 0.031058 2.98551
-4.47921 -4.44252 2.19204 0.0181353 0.0422841 2.98551
-4.44535 -4.48453 2.32057 -0.020092 0.0478339 2.68696
-4.39775 -4.53013 2.44757 -0.0220958 0.0425387 2.98551
-4.46833 -4.47289 2.4772 0.0434852 0.0141807 2.08985
-4.56066 -4.40625 2.5654 0.0423916 0.0328246 2.68696
-4.48818 -4.44977 2.64425 -0.0283232 0.0264116 2.98551
-4.5442 -4.42229 2.74068 0.0298679 0.0461395 2.08985
-4.45277 -4.45936 2.77747 -0.0472127 0.0176076 2.08985
-4.37659 -4.48669 2.82242 -0.0338906 0.0188194 2.38841
-4.28897 -4.51371 2.86903 -0.0438758 0.0222998 2.08985
-4.26039 -4.52131 2.90785 -0.0330216 0.0433433 0.895652
-4.32128 -4.5074 2.93001 0.0348685 0.0123711 1.7913
-4.40344 -4.49457 3.05596 0.0278705 0.0421882 2.98551
-4.28093 -4.50424 3.07145 -0.0457361 0.00576393 2.68696
-4.20541 -4.50675 3.15577 -0.0316461 0.0353038 2.38841
-4.2958 -4.50866 3.17194 0.04326 0.00773889 2.08985
