4.3 4.3 0 
4.2479 4.20002 -0.0208996 
4.19579 4.10003 -0.0417992 
4.14369 4.00005 -0.0626987 
4.09158 3.90006 -0.0835983 
4.03948 3.80008 -0.104498 
3.98737 3.7001 -0.125397 
3.93527 3.60011 -0.146297 
3.88316 3.50013 -0.167197 
3.83106 3.40014 -0.188096 
3.77896 3.30016 -0.208996 
3.72685 3.20017 -0.229895 
3.67475 3.10019 -0.250795 
3.62264 3.00021 -0.271695 
3.57054 2.90022 -0.292594 
3.51843 2.80024 -0.313494 
3.46633 2.70025 -0.334393 
3.41422 2.60027 -0.355293 
3.36207 2.50043 -0.376218 
3.30983 2.40089 -0.397193 
3.25744 2.30178 -0.418244 
3.20486 2.20326 -0.439395 
3.15205 2.10547 -0.460673 
3.09896 2.00856 -0.482102 
3.04553 1.91268 -0.503707 
2.99173 1.81797 -0.525514 
2.9375 1.72457 -0.547548 
2.8828 1.63264 -0.569834 
2.82758 1.54232 -0.592397 
2.77179 1.45375 -0.615263 
2.7154 1.36709 -0.638456 
2.65834 1.28248 -0.662002 
2.60057 1.20006 -0.685926 
2.54205 1.11999 -0.710254 
2.48278 1.04211 -0.734974 
2.42276 0.96627 -0.760074 
2.36201 0.892322 -0.785545 
2.30052 0.820115 -0.811373 
2.2383 0.749499 -0.83755 
2.17537 0.680323 -0.864062 
2.11171 0.612437 -0.890899 
2.04735 0.54569 -0.91805 
1.98228 0.479933 -0.945504 
1.91651 0.415014 -0.973249 
1.85005 0.350784 -1.00127 
1.7829 0.287092 -1.02957 
1.71506 0.223787 -1.05812 
1.64655 0.16072 -1.08692 
1.57736 0.0977401 -1.11596 
1.50751 0.0346966 -1.14521 
1.43695 -0.0284144 -1.17471 
1.36564 -0.0915967 -1.20446 
1.29354 -0.154854 -1.23448 
1.2206 -0.218191 -1.26477 
1.14679 -0.281611 -1.29536 
1.07207 -0.345118 -1.32626 
0.99638 -0.408717 -1.35748 
0.919694 -0.47241 -1.38904 
0.841966 -0.536203 -1.42095 
0.763155 -0.600098 -1.45322 
0.683219 -0.664101 -1.48587 
0.602116 -0.728214 -1.51892 
0.519805 -0.792443 -1.55237 
0.436243 -0.85679 -1.58624 
0.35139 -0.921261 -1.62055 
0.265204 -0.985858 -1.6553 
0.177816 -1.05052 -1.69046 
0.0893582 -1.11519 -1.72597 
-3.66803e-05 -1.1798 -1.76179 
-0.090237 -1.2443 -1.79787 
-0.181111 -1.30862 -1.83417 
-0.272526 -1.3727 -1.87063 
-0.36435 -1.43649 -1.90722 
-0.456452 -1.49991 -1.94388 
-0.5487 -1.56292 -1.98057 
-0.640961 -1.62545 -2.01724 
-0.733103 -1.68743 -2.05384 
-0.824995 -1.74881 -2.09033 
-0.916504 -1.80953 -2.12667 
-1.0075 -1.86953 -2.1628 
-1.09785 -1.92874 -2.19867 
-1.18742 -1.98711 -2.23425 
-1.27607 -2.04458 -2.26948 
-1.36369 -2.10107 -2.30432 
-1.45013 -2.15654 -2.33872 
-1.53527 -2.21093 -2.37263 
-1.61896 -2.26416 -2.40602 
-1.70109 -2.31619 -2.43882 
-1.78151 -2.36694 -2.47099 
-1.8601 -2.41637 -2.5025 
-1.93672 -2.46441 -2.53328 
-2.01125 -2.51099 -2.5633 
-2.08354 -2.55606 -2.5925 
-2.15347 -2.59956 -2.62085 
-2.22091 -2.64142 -2.64828 
-2.28572 -2.68159 -2.67477 
-2.34777 -2.72 -2.70025 
-2.40693 -2.7566 -2.72469 
-2.46329 -2.79144 -2.74812 
-2.51694 -2.82458 -2.77056 
-2.56797 -2.85607 -2.79205 
-2.61647 -2.88597 -2.81263 
-2.66253 -2.91433 -2.83233 
-2.70624 -2.94123 -2.85117 
-2.7477 -2.9667 -2.8692 
-2.78699 -2.99081 -2.88644 
-2.82419 -3.01362 -2.90293 
-2.85942 -3.03518 -2.9187 
-2.89274 -3.05555 -2.93379 
-2.92426 -3.07478 -2.94822 
-2.95406 -3.09293 -2.96202 
-2.98224 -3.11006 -2.97524 
-3.00888 -3.12623 -2.98791 
-3.03408 -3.14149 -3.00005 
-3.05792 -3.1559 -3.0117 
-3.08049 -3.16951 -3.02289 
-3.1019 -3.18238 -3.03366 
-3.12221 -3.19458 -3.04403 
-3.14154 -3.20615 -3.05404 
-3.15996 -3.21715 -3.06373 
-3.17757 -3.22764 -3.07312 
-3.19445 -3.23768 -3.08225 
-3.2107 -3.24732 -3.09116 
-3.22641 -3.25662 -3.09986 
-3.24167 -3.26564 -3.1084 
-3.25657 -3.27443 -3.11682 
-3.2712 -3.28305 -3.12513 
-3.28564 -3.29155 -3.13338 
-3.3 -3.3 -3.14159 

